011111111100
100001011111
011010010010
100110110110
001000110001
110010001010
110000010010
010110100110
000101000110
100101010010
101000100011
001100011000
111100100011
000000110111
001000000010
000000001110
000000001001
010111010000
100010100010
010110100000
111111101001
001011100001
111011110110
011010110011
101110011011
010100111101
010100000011
101001011000
000011011100
101101010000
100110110011
101001111001
011111001100
010110000100
100000111011
111110011110
110011000011
101101101110
111111100011
111010110000
101010110100
100111010110
101010100000
011101000111
111111010111
110100001010
011000111000
010010011111
110111001111
000001110100
010100010011
100101100010
100111101000
010110100011
101000000101
000111100011
110110000100
001100101001
110001110101
111110101001
100001100001
101001000000
101011011011
001011111010
101011101011
010000101001
001011010000
010000010110
111010101000
000110010100
000011110111
110100001100
110001100100
110000001101
101101111000
110010111010
011001011000
100011010100
010010101010
011011111010
100000000100
000001001000
011010010001
000011110101
110111011111
101110101011
010010000000
000100101110
000001001011
110010101101
100011100001
010010111001
000001011011
001110100101
001010000100
110001010000
110010010110
000001111000
101101001101
111011010010
000001100110
111000101001
011000001010
011001010100
001011000000
101101111111
010101010001
101000010001
111010100011
000110000010
000110110011
001011000110
100000010100
100010001001
101011100010
101000100010
101000000111
111101000100
100010111011
010110000101
111000000011
000100111000
110101110010
101100010111
101011011010
111111110100
001110010000
011001111111
001100011110
000100101000
101111010100
110010111000
010100000010
100101100101
101101010101
000011010100
000110010000
010101111110
011011001110
011011110101
010011111000
111111000001
000010001100
110100000101
001000111010
100001000100
100011001010
000000001011
011110000110
010101000100
100110110000
000111010010
010000100110
101010101011
001001010111
111001101001
100101000010
110101101001
011001110100
100000001111
000110000111
101100100001
111010011110
101001110110
100100001010
100101101010
000000001010
111001001010
011110100011
001000000110
000010010000
000010001001
001000001111
101011100000
011001011010
101001101100
100010101010
011010111100
001111000001
000101010100
011111011010
100100001110
111010111100
010111010010
001000001101
101110110011
010000100010
111111111100
001110001000
001110000001
011111111111
000101100001
011000100000
011000011011
011101001001
101110100010
111101110001
111110110100
110010000101
111000000000
110111010110
111110011001
111000001111
101000110101
100111011101
011101001000
100011100011
101110111100
110111101110
011101110101
011011011101
010000001011
000101001001
000111001111
011010101001
101111010101
000101111100
111010110001
011110100101
011111000100
010100100101
111111110000
011110101100
110110100000
011111111110
101010101001
110100110111
011110110110
011111001110
010101001010
111011001000
101100100111
110110110011
101001111111
010100010000
000101101011
000110110000
000111000011
111001010111
011011100000
001110111011
111011111001
101111010110
111110100101
011101001010
110101010000
011011000000
010001010100
010010101100
111010001111
100100110111
111100110111
000100000110
111000100000
100011001100
101001110101
001011010100
110101100000
101101011110
000100011011
111011000011
110010000111
111111110110
010001001101
110011010100
111010110101
100111111010
010110111010
111110000100
001111101100
110111001010
101111011001
010000111000
111111111000
100100111101
101000001010
011001000111
000000011110
011001011110
111010000110
001111111010
100101100001
011101011101
101010110101
101001101110
010111111001
001000111101
001011001010
101100111110
001111010000
011101101011
101111111100
000000110011
101110110110
000110011110
101110111000
100010001010
001000101000
001010110000
010001101111
101000011001
001010001111
000111000111
001011101010
111001001011
101100110101
000110111100
001001100001
101011011110
110000001110
110110111011
001001000111
101000100110
000011000001
011000001001
001100110111
000110010011
111101111111
110000010101
000101111001
100110011000
001001011101
101101110001
000000100010
000001010101
110010110011
010110111000
000111001100
101110100011
001111101111
000111010001
110111000001
011111101110
110101101010
001111001000
101101001100
001001101101
100101101011
000010001010
011000110011
011101111110
000010000000
101100110001
000100110110
100000111110
100110111100
000111110101
100011000111
100111000101
100011001110
011001110011
010111000100
101000001100
011010010011
110111011010
110010100010
011101100010
111000001000
001111010100
110110110101
011110000111
011010000010
100011010001
000000111110
011010011010
000111000100
000000001101
101001101010
011011100001
110100001111
000110110100
011100010101
101111011000
001000011011
101010001111
100100000100
101001001100
110110111010
110110100110
101101100010
111111101010
000000011000
111111110101
111110101011
111011111110
101010001110
101010001011
110101001110
000001010111
011101001100
000011010101
110000110011
011110110100
011010000000
011100011000
100010101111
000000111000
011000010000
010000010101
011000010101
010011111110
111101000111
110001000111
001110101010
010110111111
001010000001
011110101010
101100001101
011110011101
001001100011
100100001111
100000100010
001110101111
111100111111
100001001101
011101001101
000101111111
100101011111
010110001111
011101111101
110111011110
111110111111
110110111110
001101101101
001111100000
101010100101
101011011001
110100011100
011110010010
000010011000
001011100010
000000100000
101111011011
110000001111
010011101111
011001010010
001011110001
110011011101
101101110000
101110010011
000011110010
011000010001
011110001110
101010110110
011100001000
000000111111
111001010010
011010101101
001111011101
000010001110
000010000010
011101101010
010110100001
000101000100
110110101001
011001000110
100111001111
100000101010
010111001111
011111011111
010010111110
110010110100
010100110110
011010101110
111000000101
001100001111
010100111010
001111111001
110011111010
000101010110
110111111010
000110110110
001011000010
011000111110
010000110111
000101010010
011001001001
100110100000
110110011101
000100110000
000011011001
111010001110
100011100100
011101010111
110110010001
100000001000
100001010010
001110101110
100000000000
100001111111
001001011010
111110000111
111100101011
011111110101
011101010000
000110100010
110111001100
111011010101
010001011011
001010101100
011001010011
000111010100
100110101110
001111001100
011011010100
000110111001
110010001110
000011000101
001010100110
001000110011
010111110001
100110001101
000010011110
111101101111
100000001011
101111000001
110000001011
111101010100
011101011001
010110001000
001011111110
111100110001
011110100000
100011101100
011010100100
110011110001
111011101010
101110101000
011111111000
010011101010
110000010001
111000101100
101001111011
001001000011
100110010101
000000011101
001011001111
000011100110
000011110001
101101100011
110010010100
110101100011
000001111011
101010111100
010100000111
001011110110
111000010010
111111001100
111111111101
100110111111
101010001100
001010011011
110011101101
011010011101
110110110000
000001011001
111001100000
101011101111
111100111110
010101000111
110110101101
011000110010
011110110011
110011100010
111011010110
100101010100
100110011110
101000111011
100001101100
011011010000
011111110001
100000011111
101101010111
111110000110
000101101111
001100110011
011010001011
101011001101
010001000000
011000101110
111000000110
110101010100
110001110010
001011101101
111010101010
101101010010
010011111111
000111011000
100110010111
111011111111
101111010111
101110011001
011111100000
111110001100
101001001111
011001010111
010011011110
101111011100
011011110100
111101111000
001101101010
100010110110
110110111101
011000110100
011000100101
111010100000
010000100000
110011111110
000101000101
111111011001
110101100110
100000110110
010000011001
000111111110
011110011001
111001101011
100001111000
100100101001
111010100001
110100110110
011001100000
111000100001
000011100000
111011000111
101000111100
001100011010
111010101110
101101001011
111011001111
000111001101
101001001000
110101100111
111110010101
011011000010
001110101100
011110000010
010001100101
110011001111
011101011010
101100111011
101110010101
101001000001
111000110101
100000111100
110000100111
001010100010
011111101000
001101001111
010010010110
000011101011
111101010000
001001000000
001000111001
110011010111
011001100001
110001100000
111000011110
010100101100
100000000010
101111110111
000101011100
111111011101
011011000111
000000111010
001001110001
101101100000
100100011111
110100110000
001011011010
011000110001
011101100101
011001101100
011011011001
010001111111
111001011111
000100001010
110101010010
101011001000
001011011101
000111110001
001111000000
100111000010
101111110110
010101111100
101000111010
011000111001
111000001011
011100011011
101111011110
111001011110
100010111101
010100100000
001000001001
110011010001
011110001101
001100110001
110000011100
111110111100
001110001011
100010000001
100010000011
011111100111
000000010100
111100011111
011111100011
100101011100
011111000110
110110010101
000100000000
010101101110
100010110100
011000000110
001000100011
001010101001
111000010101
001000001110
011101001011
110010011101
001010000011
011011011011
100110100110
101111001011
110101100010
111111000111
011001010000
001000110111
101011100100
110100101110
111101110100
111100101110
110000101101
101011001111
100101001001
000011101111
010100111110
011101101000
010001010011
110101110000
010011101011
111100101111
010100001011
001011100100
010001000001
111111111110
100101000111
010110111011
001111101110
100110001110
010110101010
001111001111
001010011110
010111101010
001101110011
101100000001
001101100101
111111011100
010100101011
101000011000
100010100100
101101010011
100000111001
110110100111
011000111011
101000011110
000011100101
001000110010
001101000110
011110111011
000011111011
011110011011
100100101111
011111000111
000010101111
101101001110
101000001000
111010001101
000100110111
001100000110
101011111000
111010111101
010001011101
001101010101
111000000010
100000111101
011000101111
010100011111
010000101111
011111011011
000101100011
010101000000
100100111100
110010111001
011001100010
011101111010
000111110100
011111101111
100011011010
100000110101
110110110111
010011101000
001000000111
101100001011
100101001101
101010101100
110010101001
001011000111
101010010100
101011100101
010110000111
010111110010
000001001110
000100101111
011111001101
101111111001
000111111001
111000001010
011110000101
101100110010
010010001000
111110001101
110110011111
101001010111
111110101101
010011111011
110000110101
011011110000
101111111110
000110001010
011001001000
010001111001
110001111101
100000000001
011100011001
001001101111
101001011011
111101110111
101011000111
010100001100
010100101111
010100100111
101010111001
010000011010
100010010010
100001011000
110101101111
000000111011
011011101000
101000000010
011100011110
100001001110
000001010110
110001010111
011110100110
111100011100
001010001110
001001001000
000001100000
001101011001
010001001010
000011001110
001110001101
011110100100
101001010110
111010010110
001000111100
101001010010
010011111001
111001001101
111001011001
011110010101
100010110011
111101000000
110101010111
101110010000
011001110001
011000101011
100001100000
000011010001
001000000001
010011111101
111010111111
000010110101
101010011001
101000110110
010110001010
101011010011
101010000001
101101111011
101011101101
111000111110
000010000111
110011010011
101011110100
110001011111
001110011010
010101110001
011100001011
110101011001
100001101000
101101000011
110010100111
111100010100
010101011110
001000110000
110011111001
100101101111
001101001101
100001011100
101111000100
011110001011
110001001001
011000111100
110111100000
011100000010
000001011010
001111110101
110111011001
011111111101
110000010000
110010110101
110010001001
010001000011
110001000010
001100010100
001111000100
110110100010
110101101011
001110001110
000011011110
111000100100
101010011010
011110001111
011001011011
001100101111
101001001011
100100001101
010001101101
010111111110
110000000100
111110111010
011010011000
100001010110
100011000000
110100010011
010101111001
100001011010
100000111010
111101110011
100100111011
011000011110
010000110000
100010111100
101101110100
001011110111
001001000110
001110110001
001100001100
100110100001
010011001110
010110001110
001100111011
101001111010
010111001100
011100110000
111010000100
101100100110
100110101011
111000010000
001100111001
001100100101
000100000011
111011010001
100000000011
010110000001
000111110011
001010111001
111100011000
111100001111
011001000101
001000110101
100001001111
010000100001
010111100011
110001110001
000101111110
101000000100
100110000011
000111100101
101011110101
101010101111
100111000001
001101001011
111000101011
111000100010
100010001011
111000111101
110100000110
100100101011
010011101110
110001100010
